timestamps:
  lastteleport: 1564898921918
  login: 1564897916037
afk: false
lastlocation:
  world: world
  x: -103.54070193282215
  y: 80.25435263913081
  z: -177.6270207708008
  yaw: 332.4693
  pitch: -38.25013
lastAccountName: Kenyetu
ipAddress: 192.168.1.254
