lastlocation:
  world: world
  x: -2.926977155738914
  y: 71.30018494692881
  z: -121.76599814473809
  yaw: 199.8813
  pitch: 5.549928
afk: false
lastAccountName: Perll
timestamps:
  login: 1564895399237
  lastteleport: 1564890863176
  logout: 1564890200477
ipAddress: 76.167.69.243
homes:
  home:
    world: world
    x: -649.5913680853181
    y: 83.0
    z: -176.38852772361108
    yaw: -78.453064
    pitch: 24.300282
logoutlocation:
  world: world
  x: -117.61453885401485
  y: 67.0
  z: -171.78407298594243
  yaw: 94.22082
  pitch: -1.649789
